%YAML:1.0
image_width: 640
image_height: 480
camera_matrix: !!opencv-matrix
   rows: 3
   cols: 3
   dt: d
   data: [ 6.3680556014835258e+02, 0., 3.0457383159588176e+02, 0.,
       6.4037321826229368e+02, 2.8795828340679708e+02, 0., 0., 1. ]
distortion_coefficients: !!opencv-matrix
   rows: 1
   cols: 4
   dt: d
   data: [ 7.9955183518905043e-02, -5.7098132280657887e-01,
       2.1367885109651884e-02, -1.0458935696909597e-02 ]
